0 0
5 0
10 10
15 0
20 0
25 60
30 -10
35 -2
40 5
45 0
50 0
55 0
60 0
65 0
70 0
75 0
80 0
85 0
90 0
95 0
100 0
105 0
110 10
115 0
120 0
125 50
130 -15
135 -2
140 5
145 0
150 0
155 0
160 0
165 0
170 0
175 0
180 0
185 0
190 0
195 0
200 0
205 0
210 10
215 0
220 0
225 60
230 -10
235 -2
240 5
245 0
250 0
255 0
260 0
265 0
270 0
275 0
280 0
285 0
290 0
295 0
300 0
305 0
310 10
315 0
320 0
325 60
330 -10
335 -2
340 5
345 0
350 0
355 0
360 0
365 0
370 0
375 0
380 0
385 0
390 0
395 0
400 0
405 0
410 10
415 0
420 0
425 60
430 -10
435 -2
440 5
445 0
450 0
455 0
460 0
465 0
470 0
475 0
480 0
485 0
490 0
495 0
500 0
505 0
510 10
515 0
520 0
525 60
530 -10
535 -2
540 5
545 0
550 0
555 0
560 0
565 0
570 0
575 0
580 0
585 0
590 0
595 0
600 0
605 0
610 10
615 0
620 0
625 60
630 -10
635 -2
640 5
645 0
650 0
655 0
660 0
665 0
670 0
675 0
680 0
685 0
690 0
695 0
700 0
705 0
710 10
715 0
720 0
725 60
730 -10
735 -2
740 5
745 0
750 0
755 0
760 0
765 0
770 0
775 0
780 0
785 0
790 0
795 0
800 0
805 0
810 10
815 0
820 0
825 60
830 -10
835 -2
840 5
845 0
850 0
855 0
860 0
865 0
870 0
875 0
880 0
885 0
890 0
895 0
900 0
0 0