0 0
5 0
10 10
15 0
20 0
25 0
30 60
35 -10
40 -2
45 5
50 0
55 0
60 0
65 0
70 0
75 10
80 0
85 0
90 0
95 60
100 -10
105 -2
110 5
115 0
120 0
125 0
130 0
135 0
140 10
145 0
150 0
155 0
160 60
165 -10
170 -2
175 5
180 0
185 0
190 0
195 0
200 0
205 10
210 0
215 0
220 0
225 60
230 -10
235 -2
240 5
245 0
250 0
255 0
260 0
265 0
270 10
275 0
280 0
285 0
290 60
295 -10
300 -2
305 5
310 0
315 0
320 0
325 0
330 0
335 10
340 0
345 0
350 0
355 60
360 -10
365 -2
370 5
375 0
380 0
385 0
390 0
395 0
400 10
405 0
410 0
415 0
420 60
425 -10
430 -2
435 5
440 0
445 0
450 0
455 0
460 0
465 10
470 0
475 0
480 0
485 60
490 -10
495 -2
500 5
505 0
510 0
515 0
520 0
525 0
530 10
535 0
540 0
545 0
550 60
555 -10
560 -2
565 5
570 0
575 0
580 0
585 0
590 0
595 10
600 0
605 0
610 0
615 60
620 -10
625 -2
630 5
635 0
640 0
645 0
650 0
655 0
660 10
665 0
670 0
675 0
680 60
685 -10
690 -2
695 5
700 0
705 0
710 0
715 0
720 0
725 10
730 0
735 0
740 0
745 60
750 -10
755 -2
760 5
765 0
770 0
775 0
780 0
785 0
790 10
795 0
800 0
805 0
810 60
815 -10
820 -2
825 5
830 0
835 0
840 0
845 0
850 0
855 10
860 0
865 0
870 0
875 60
880 -10
885 -2
890 5
895 0
900 0
0 0