0 0
5 -50
10 0
15 40
20 50
25 40
30 0
35 -50
40 0
45 40
50 50
55 40
60 0
65 -50
70 0
75 40
80 50
85 40
90 0
95 -50
100 0
105 40
110 50
115 40
120 0
125 -50
130 0
135 40
140 50
145 40
150 0
155 -50
160 0
165 40
170 50
175 40
180 0
185 -50
190 0
195 40
200 50
205 40
210 0
215 -50
220 0
225 40
230 50
235 40
240 0
245 -50
250 0
255 40
260 50
265 40
270 0
275 -50
280 0
285 40
290 50
295 40
300 0
305 -50
310 0
315 40
320 50
325 40
330 0
335 -50
340 0
345 40
350 50
355 40
360 0
365 -50
370 0
375 40
380 50
385 40
390 0
395 -50
400 0
405 40
410 50
415 40
420 0
425 -50
430 0
435 40
440 50
445 40
450 0
455 -50
460 0
465 40
470 50
475 40
480 0
485 -50
490 0
495 40
500 50
505 40
510 0
515 -50
520 0
525 40
530 50
535 40
540 0
545 -50
550 0
555 40
560 50
565 40
570 0
575 -50
580 0
585 40
590 50
595 40
600 0
605 -50
610 0
615 40
620 50
625 40
630 0
635 -50
640 0
645 40
650 50
655 40
660 0
665 -50
670 0
675 40
680 50
685 40
690 0
695 -50
700 0
705 40
710 50
715 40
720 0
725 -50
730 0
735 40
740 50
745 40
750 0
755 -50
760 0
765 40
770 50
775 40
780 0
785 -50
790 0
795 40
800 50
805 40
810 0
815 -50
820 0
825 40
830 50
835 40
840 0
845 -50
850 0
855 40
860 50
865 40
870 0
875 -50
880 0
885 40
890 50
895 40
900 0
0 0